0 -0.03 -0.05 -1.4256918140645 -0.955223642394405 -0.08 -0.159200000331266 -0.0995000017443256 -0.05 -0.03 -0.03 -0.0210557440148289 -0.0597000004662478 -0.05 -0.237608009121142 -0.237608002197257 -0.0995000049247496
0 0 -0.0599075586068458 -0.48 -0.48 -0.08 -0.08 -0.0995001107054201 -0.148505214875735 -3.14972355233421e-05 -0.0122817619691871 -0.030008 -0.00718175257163092 -0.0891076574296203 -0.237608001175398 -0.08 -0.0500000000002026
-3.93647655967521 -0.445626706079884 0 -19.8019905759301 -19.8099603813452 -9.52173194495687 -9.13322324996905 -9.03539647861823 -9.03547400339055 -0.445626717185166 -0.445690611150654 -0.05 -0.471170421853678 -0.0654495304337668 -9.52174150969226 -9.13309443201854 -9.18503692410882
-46.0159654472123 -0.48 -40.2110568066589 0 -0.395893307686965 -0.351119153977258 -0.407607914599261 -0.356412176468358 -0.472848216527278 -0.48 -0.48 -0.480003 -0.48 -39.8706937400459 -0.351219805077043 -0.407607919305964 -0.356481972044976
-46.2589461959608 -0.48 -37.7487710822548 -0.394177768500028 0 -0.351119149815036 -0.351356981300064 -0.356463483620243 -0.356412430653284 -0.48 -0.9552 -0.480003 -0.48 -38.1109461875872 -0.351119105419119 -0.294092480485956 -0.473421416639882
0 -0.08 -0.5 -0.06 -0.178234820962804 0 -0.000402393004026079 -0.08 -0.159200002825156 -0.08 -0.08 -0.080005 -0.08 -1.48505828195852 -0.000707093594104962 -0.000192104083681044 -0.08
-0.392081313161335 -0.691862027340113 -2.92600568788982 -2.75724607826493 -2.75092443411662 -2.80338447981019e-06 0 -1.52227479304305 -1.52218086675274 -0.691862033772971 -0.691862021073198 -0.23801961936744 -0.691862021082589 -2.92600677823212 -0.0367335560262515 -0.0021777937650841 -1.58695540383842
-0.0995014967521495 -0.478089639126958 -2.95402913613163 -3.12436029868251 -3.03851097321358 -1.77742949860288 -1.83965484132083 0 -0.0012730788960556 -0.47808965063438 -0.478089627708391 -0.148686655375751 -0.523308730367437 -2.95402771644829 -1.77742919525611 -1.83967336889846 -0.0351945062628962
-0.0500016379514804 -0.339673263627345 -2.00864791774413 -1.88484408415419 -1.88485336228463 -0.979831883532501 -1.05003350208885 -0.0078959241567933 0 -0.339673262784385 -0.386276528967013 -0.05 -0.33968365029626 -2.00865101156641 -0.979963450662277 -1.05003352458817 -0.0352799967581037
0 -7.74129006432578e-05 -0.118213943936576 -0.955235111910824 -0.48 -0.159200003732409 -0.08 -0.05 -0.148505953374928 0 -0.00175948818748897 -0.03 -0.00560984646118799 -0.03 -0.08 -0.08 -0.0500000000000777
0 -1.4482588485882e-05 -2.00731975840984 -2.80905053992191 -2.35255623591852 -2.02262355026898 -2.02262325370737 -2.00532201748827 -2.00523031704406 -5.13871377627541e-05 0 -0.0598913549464746 -0.0137895979789246 -1.99767014064203 -2.02262328054844 -2.02271236799757 -2.00522025519842
0 -2.25798653222102 -2.26435243547367 -2.35254480579882 -2.35254399077689 -2.25815603898141 -2.25815574887985 -2.26430600729662 -2.26422795536845 -2.26540614895323 -2.25825137217766 0 -2.25801472424362 -2.26465560207072 -2.25849473155315 -2.25815578582275 -2.26421710349171
-0.0597 -1.00637439448114e-05 -2.02919188600637 -2.35255679985731 -2.35254533057543 -2.08239732395337 -2.02264174772223 -2.03517387079971 -2.03518505392109 -2.85723704618184e-06 -0.0134517806807247 -0.0597 0 -2.02702458532235 -2.08239705818372 -2.08240906881899 -2.03526602846024
-3.95767697465149 -0.471170441141281 -0.0651531910621624 -19.8175598832265 -20.3314286506318 -9.13306257803924 -9.13326084193249 -8.88423869129696 -8.88424347077758 -0.47117045348712 -0.471170424057985 -0.09950495 -0.445731288894457 0 -9.13308866675596 -9.1330623634366 -8.88482168444564
-0.618046399211887 -1.77744325507666 -5.68077983069387 -5.26395244379565 -5.26935935997733 -7.56489538312587e-05 -0.00184227061091922 -3.11106817300902 -3.11133068751752 -1.77742917200385 -1.83965484267553 -0.315958904209841 -1.77772237499849 -5.68079252158444 0 -0.000333404684169894 -3.11204170566764
-0.392079621695978 -0.31523192458856 -1.97020677510262 -1.23873675922146 -1.28636781612933 -1.94655688996047e-05 -0.00884513603893724 -0.618043626195987 -0.764944987722889 -0.315232310222853 -0.315231922692108 -0.0800869156992839 -0.315231920072601 -1.97022841102166 -0.0322098318716758 0 -0.618165241999522
-0.827437523711702 -1.33848605722064 -6.96019636915423 -7.00839231734427 -6.96340318031218 -4.23530768749275 -4.27295381673725 -0.000311231728667236 -0.00011687404929377 -1.33848321176144 -1.30159949562339 -0.0996071623249224 -1.33849019490278 -7.15058905287138 -4.23577791594699 -4.23559739350438 0
