0 -19.5 -24.3750105652827 -19.5 -10.2106999972364 -45 -56.2502015715165 -45 -51 -51 -51 -51 -86.2500007511149 -69 -69 -87 -108.75 -87 -123 -153.750925994559 -123 -63 -27 -27 -31.5 -34.5 -90 -20.25 -20.25 -45.75 -45.75 -51.75 -51.75 -69.75 -69.75 -15.75 -20.25 -23.25 -279 -279 -334.5 -334.5 -334.5
0 0 -0.0171327653643688 -0.0101490934498153 -27.1579507937433 -5.62501383857907 -4.5 -4.5 -9.37500000810612 -7.5 -7.5 -7.5 -9 -11.2500090066078 -9 -12 -12 -12 -72 -72 -72 -48 -16.5 -16.5 -15.8062652979993 -16.5 -22.5 -1.00092337501948 -1.00103268692188 -5.25035950994166 -5.25011252208527 -8.25021355085821 -8.25008964689255 -9.75092913779977 -12.7987651495054 -6.68250454747688 -0.985107384736638 -5.29921875 -261 -261 -333.754777185588 -267 -267
0 -9.2178703584673e-05 0 -0.0106191576930331 -27 -4.5 -4.5 -4.5 -7.5 -7.5 -7.5 -7.5 -9 -11.250063584044 -9 -12 -12 -12 -72 -72 -72 -48 -16.5 -16.5 -12 -20.6704501143552 -28.2304545012509 -1.48968314991801 -1.00083365778295 -5.25 -5.2502813383411 -8.25085420343284 -10.3134000224766 -9.75 -9.75 -5.25 -1.02338046950579 -5.29921875 -326.25 -326.355000503163 -267 -267 -267
0 -0.000521379470582809 -0.024413494019574 0 -27 -6.03000011399749 -6.00000409449771 -6.00750277975229 -7.5 -7.5 -7.5 -7.5 -11.2500158765981 -9 -11.25 -12 -12 -15.0000002480561 -72 -90.0000159555089 -72 -48 -16.5 -20.6256129514833 -15 -16.5 -28.2304545012509 -1.09015726657011 -1.07111301525796 -6.89076792613957 -6.56274023445006 -8.25 -10.3133994032952 -9.75 -12.1878935751327 -7.15989005748105 -1.06154189314503 -5.25 -326.355012494074 -261 -333.754836073125 -267 -267
0 -24.375 -24.375 -24.375 0 -24.375 -24.375 -24.375 -28.125 -29.6060062606964 -29.5313637405897 -28.1250000030827 -24 -24 -24 -27 -27 -27 -87 -87 -87 -87.7045195503493 -43.1254546718202 -34.5 -31.5 -33.75 -37.5 -25.3125 -25.3125 -25.3125 -26.5782000014921 -30.5158887518359 -30.8796163141804 -30.9375766186736 -24.75 -29.5503659179688 -25.3125 -21.0699998882134 -271.5 -271.5 -282 -282 -282
0 -4.5 -4.5 -4.5 -27 0 -0.000117535194566253 -0.093306257507681 -4.00007500687555 -4.00002900829511 -4.00000201769835 -4.05625959469329 -5.62500229090019 -4.5 -4.5 -11.2500023176068 -9 -11.2500155418546 -18 -22.5000936941445 -22.5002319722379 -84 -45 -56.2512505424182 -21.7125156361963 -16.5 -19.5 -5.25 -5.25 -3.44695665184423 -1.00012224169099 -4.92280664859187 -4.68845178400221 -6.56330626851142 -5.25022518000358 -44.4468826608373 -5.289375 -5.29507530426766 -261 -261 -264 -264 -264
0 -5.6250007506949 -4.5 -4.5 -27 -0.123775007627139 0 -0.0324972368265525 -4.00001907921413 -4.00000001124941 -5.7525 -4.00008128128763 -5.62500072083748 -5.62590000193498 -5.6251254535864 -11.2500088981225 -11.250011444149 -9 -22.5000301055867 -18 -18 -84 -45 -45 -16.5450109401326 -16.5 -19.6055344170068 -5.25080685060118 -5.25084297848798 -1.00024064925943 -1.00028857773644 -4.68845753664842 -4.68779649670556 -5.25029479196834 -6.56279189871004 -33.75 -5.2575007500795 -5.29507500750085 -326.35500120922 -261 -264 -264 -264
0 -5.62508038360126 -4.5 -5.63250559231926 -27 -0.00961881251162927 -0.0400000003532611 0 -4.09140868621998 -4.00171928873721 -4.0000014365912 -4.00687654365182 -5.994141095137 -5.99415650791643 -6.08895480963478 -11.2500101381256 -11.8125228519551 -9 -18 -18 -18 -84.4275 -56.250454629468 -56.2510880229097 -16.5 -20.6704501250298 -19.5 -6.56290231912885 -5.25 -1.070628255039 -1.00032951113154 -4.68814563006479 -4.92281930282091 -6.56258697918552 -6.56341680031981 -42.3075045495661 -5.25 -5.25 -326.355000693299 -261 -264 -264 -330
0 -7.5 -7.5 -7.5 -30 -3 -3 -3.79658204141478 0 -2.00393051543018 -0.160171937608192 -0.00270240622240017 -12.000000998497 -12.000034761084 -12.0000541021452 -15.0000037188057 -15.0008574094993 -15.7500117314319 -22.5000331161505 -18 -18 -105 -51 -51.0007861299991 -24.4312667021409 -19.5 -22.6054531444129 -8.25043290419576 -8.25045000750033 -3.75 -3.75030026763735 -1.00119908315458 -1.00121019472022 -12.7970335531595 -12.7989421656586 -39.75 -8.25750071491952 -8.2950750053912 -264 -264 -333.754790363094 -267 -267
0 -9.84382976473722 -9.96889819779935 -9.84382610325238 -30 -3.93780074971864 -3.75009301426948 -3.75197825159689 -0.632502375902504 0 -5.5279517985443e-07 -0.259896881108098 -12.0000010051665 -12.0004064865261 -12.0000266330378 -15.0000132528837 -15.0007707874696 -15.7509003559438 -22.5000413246403 -18 -18 -105.179834796651 -51.0004702647757 -51.0007790683572 -24.4200125017731 -19.5454571140579 -22.6054521995028 -10.8291942716385 -10.3857999330671 -4.69501876183397 -3.75030000760939 -1.00119894136321 -1.12580930524693 -12.187607124909 -12.1878618308887 -49.717500583471 -10.331546105792 -10.368843819738 -264 -330.105000483608 -333.750001527454 -267 -267
0 -7.5 -7.5 -9.38250357266715 -30 -3 -3 -3.007470703125 -9.73462427753484e-05 -0.0375088545747955 0 -0.0333598492903387 -12.0005872651868 -11.9999740402026 -12.0000295980777 -12 -12 -12 -22.5000011888155 -22.5000301106757 -18 -84 -51 -51 -25.6521250106971 -19.5 -22.5 -10.3129500076435 -8.25 -3.75 -3.75 -1.00119594354957 -1.00120000952049 -12.1877578216353 -12.2863073593435 -39.75 -8.25 -8.29507500328161 -264 -264 -333.756799367621 -333.750048360766 -333.750028185942
0 -9.96095925399497 -9.96095720504614 -10.0002039138054 -30 -3.99985525738673 -3.99939844746593 -4.03488121782492 -0.00750398126135191 -0.0100119030146532 -0.0012000011910642 0 -12.000000256456 -12.0076463216034 -12.00195086831 -15.9300004490801 -15.9375646792446 -15.9868856677279 -23.9063344893858 -23.9092699534053 -23.9062544061317 -84 -51 -63.7510644242745 -24.4200125083401 -19.5 -28.2304545012508 -10.828400100469 -10.3125326590576 -4.92202224152791 -4.69500045090175 -1.10375249914173 -1.00078750838674 -12.19453125 -12.1956836682731 -39.75 -10.3184203125 -8.25 -330.105038142003 -264 -267 -267 -333.750803382027
0 -11.2500754432236 -9 -11.2575056961173 -31.5 -5.62507502535635 -5.62513127249619 -4.5073828125 -5.6250001161093 -5.90636603841146 -5.62605326908444 -6.02074731313617 0 -0.000908308733567669 -0.0100250363474714 -12.0000119986589 -13.9920685890478 -12.4948931213588 -23.9941802015565 -23.9773498599885 -23.9776093224301 -119.101196068423 -69 -90.5638946482128 -21 -21 -22.6054545012488 -12.2479251648771 -12.18843096744 -5.25013272951819 -5.25007031802132 -6.56357214618768 -6.56264288006129 -1.9794969537712 -1.00406083957508 -77.3367393811877 -12.2435426703114 -9.79508006768016 -331.980019487541 -265.5 -328.125009383857 -262.5 -262.5
0 -9 -9 -9 -31.5 -4.5 -4.5 -5.63437328491761 -4.5 -4.5 -4.5 -4.507470703125 -0.00197451096076967 0 -0.104827788159572 -11.8125099980581 -11.8125686378147 -9 -22.5000079634886 -18 -22.5000003921808 -93 -69 -69 -21 -21 -18 -9.75013492106735 -9.75757200085806 -5.25030649020523 -5.25007200038357 -5.2502840219613 -5.25007613710634 -1.00011107654149 -2.99155624403923 -57.75 -9.75 -9.79507502368359 -265.5 -265.5 -328.129833275626 -262.5 -262.5
0 -9 -9 -9 -31.5 -5.63062710731506 -5.62500299999993 -4.50749267578125 -5.62500149754673 -5.6252289885791 -4.5 -4.50749816894531 -0.0189202645693483 -6.90473808072208e-06 0 -13.991253017523 -12.0000154185946 -12.0712046813965 -23.9063023937389 -23.6254532544251 -23.9063261633022 -116.429301661268 -90.563231792247 -69 -26.2950090059306 -26.2954501248726 -23.7568175830446 -12.1880274024047 -9.75 -5.25 -5.25 -5.25 -5.25 -1.05633006670998 -1.00215942299985 -72.69601043352 -12.8574900011928 -9.75 -265.5 -265.5 -328.129609500296 -262.5 -328.125012867997
0 -12 -12.00000075045 -12 -34.5 -12.0187748592348 -11.8425750000873 -11.9533647277573 -15.0000000902188 -15.0000018165255 -12.0000001375039 -12.005625 -12.0881252035171 -12.0000010118751 -12.0001730898168 0 -3.05634283040955e-05 -0.119649950807857 -14.7021325982906 -12.0120329177993 -14.7423308228018 -174 -108.751241519974 -108.750494190511 -30.045008207864 -31.9346533254264 -28.1336327383854 -12.75 -12.8290696241016 -12.1875945113538 -12.4818750201335 -12.75 -12.75 -12.1952897829079 -12.1891659870264 -75.7954466689453 -12.7575180268569 -12.7950750001588 -335.730000487883 -335.653519062502 -348.468750607482 -265.5 -348.469621766595
0 -12 -12.0000003104598 -12 -34.5 -11.2503000017198 -11.250299999793 -9.00749816894531 -12 -12 -12.0001975894611 -12.0075034337654 -11.8856292298589 -11.2500213239557 -11.2592589679974 -0.00118096328165859 0 -2.51827489479378 -12.6865832222282 -14.463785740743 -12.0009419926403 -174 -108.750464718536 -87 -30.0450717976776 -24 -26.3801497508835 -12.810214222784 -12.75 -9.75008714081143 -9.78000229147005 -12.750158203125 -12.750077427823 -12.1877519332221 -9.84732943737391 -94.807512334162 -12.75 -12.7950750000922 -268.5 -268.5 -331.901313300248 -265.5 -265.5
0 -12 -12.0006755871599 -12 -34.5 -11.8425750001648 -11.8127966480788 -11.2521743225221 -12 -12 -12.0006087753708 -12.00703125 -11.9999651868021 -11.9998799108843 -12.0476018717204 -0.120152274175782 -0.00164996689681208 0 -12.0000721139058 -12.2629003282289 -12.9225235742064 -232.857628615816 -108.75045506797 -87 -31.5562644573734 -31.9346533961342 -28.1336330741452 -15.9969825044293 -12.75 -12.82753125 -12.1875 -12.75 -12.75 -13.130533805688 -12.1875 -75.75 -12.75 -12.75 -335.626050384458 -352.537500608503 -265.5 -331.875048360766 -265.5
-175.319260603783 -72 -72 -72.09 -118.5975 -18 -18 -18.0075015398311 -18 -18 -18.0007130484607 -22.5095214160469 -23.0416321507368 -18 -22.6575 -11.9882848500956 -11.9533412739944 -11.9649271952986 0 -0.00224925410759326 -2.78844997667444 -355.819098000318 -123 -123.00006328125 -111.621578911882 -111.624053224908 -40.1406096567344 -72.75 -72.7503375 -18.778125 -18.75 -18.75 -18.778125 -18.7505517333984 -18.75 -152.342410416616 -72.7575000075045 -72.7950750000981 -410.7302681057 -431.28750168999 -365.646302062236 -365.912335674269 -364.570382347089
-133.5765795075 -72 -72 -72 -94.5 -18 -18 -18.0074995422363 -18 -18 -18.0002349135808 -18.0075030496216 -18 -18 -18 -11.827732974359 -11.408240857489 -11.2737515656368 -2.71446314195819 0 -0.329265929569124 -332.851050004614 -163.360023179435 -123 -84 -84 -40.1406060016673 -72.75 -72.75 -18.75 -18.75 -18.7507282089844 -18.75 -18.7511944335937 -18.7503435111613 -149.660514213684 -72.75 -72.75 -410.730030199083 -410.730926996636 -360.287292722647 -274.575270751845 -274.500176603505
-175.319260564132 -72 -72 -72 -94.5 -18 -18 -18.0075003849578 -18 -22.5075081302427 -18 -18 -23.7755994205746 -23.906313344009 -23.9083599608137 -12.2079184675308 -11.9971516798169 -11.9915681517027 -2.95670307717136 -0.00274257580260134 0 -355.074748442232 -161.438864496372 -161.438904114418 -111.621684520413 -111.622165360384 -40.1444559836805 -72.75 -72.75 -24.9534178162466 -23.4375 -24.609375 -23.4375 -24.9024187509078 -24.6094644278142 -149.677892771771 -72.75 -72.75 -410.626125474091 -410.730586370801 -366.000503745318 -365.977732569096 -365.978201278195
-70.1021069893847 -34.5 -34.5 -34.5 -57 -42 -42 -42.0075018630981 -42.000075007509 0 -42.000861494106 -42.0073828125 -57 -57 -57.0000751243239 -120 -120 -120 -231.94421792986 -231.996517320245 -233.701245622856 0 -23.9999879472441 -24.1019893125097 -28.1700124123925 -28.2234375 -98.8345744090169 -43.125 -34.5 -42 -42 -42 -42 -57 -71.25 -42.0637404988068 -34.5 -34.5 -417.895765937459 -380.729934489848 -448.589735637699 -445.97460068811 -444.546705188682
0 -16.5 -16.5 -20.6325046216913 -53.1468848438214 -42 -42 -42.0075025150344 -48 -60.0000000970226 -48.0001629321676 -48.0074926757813 -66 -66 -66 -84 -84 -84.073125 -120 -120 -120 -48.3260944277011 0 -0.401109866280581 -6.06193373377196 -10.142462696158 -63 -20.6252585452021 -16.5 -42 -42 -48 -48.0225 -66 -66 -16.6736534934105 -16.545 -19.5 -270 -337.605013949058 -325.5 -406.899888787221 -325.5
0 -16.5 -16.5000001876125 -16.50703125 -42 -42 -42 -42.0075025421906 -48 -48 -48.0002181473653 -48.0076374159672 -82.5000058467471 -66 -66.00703125 -84 -84 -84.0675 -120 -120 -120 -49.3307852945206 -0.0809544288275957 0 -6.06142318803764 -10.1482407171779 -80.7975 -20.6250795000752 -16.5 -42 -42 -48 -48 -66 -66 -16.0674990035277 -20.6710862481309 -24.8732449424534 -354.506251665127 -270 -325.5 -325.5 -406.875058647754
0 -12 -12.0000000776149 -12.005625 -39 -16.5 -16.5 -16.5 -19.5 -24.3750014827219 -19.5 -19.5075060459175 -21 -21 -21 -24 -24 -24.09140625 -84 -84 -84.140625 -50.9168379241681 -6.00251349665581 -6.63374227775788 0 -6.1422198400938 -14.2281683259397 -15 -15.0421875 -16.5 -16.5 -19.5 -19.5 -21 -21 -22.1944910655288 -15.8071216671953 -16.5 -333.881474032951 -350.568750543349 -358.313714962254 -341.250048360001 -341.250044625079
0 -16.5 -16.5000429892947 -16.507474750757 -34.5 -16.5 -16.5 -16.5075028154886 -19.5 -19.5 -19.5002482427723 -19.5074995422363 -21 -21.0338060302734 -21.0073828125 -24 -24 -31.32609375 -84 -84 -84 -51.8008639320488 -10.1541427429423 -10.0012278176273 -8.01830132708308 0 -14.220135410492 -20.625 -16.5 -16.5 -16.5 -24.3758879435888 -19.5 -21 -21 -26.2901896157557 -16.5 -15 -328.293787212736 -328.230000483609 -341.25000074457 -273 -273
-125.720724384376 -22.5 -22.5040125028688 -22.507470703125 -45 -24.3750052490332 -24.3752555995191 -24.3768763839379 -22.5 -22.5000071164811 -28.1259293107155 -22.5075047174835 -23.625160098268 -23.9062610868176 -23.647652441913 -22.1181999014065 -22.0000691690979 -22.0238919435918 -39.9999606560325 -40.0000391783895 -43.1145314462042 -147.219383083746 -86.6265385563093 -82.5006552117389 -16.0625025639633 -14.0606002449025 0 -28.1254600546875 -28.1254026796875 -24.375 -24.403128796875 -22.5 -22.5 -24.5178 -23.6344125009055 -104.677976799443 -29.8996875 -30.4464390792847 -369.645 -358.417765844542 -344.557441216962 -348.639379613362 -366.569999856781
0 -0.999038481298603 -0.999033220436577 -1.060000010004 -27.75 -6.97266121952377 -6.89064023684172 -7.41421892639726 -8.25 -10.3125750908141 -10.3131195853274 -10.3218772562192 -12.1875 -12.1875 -12.1970167429794 -15.9375020765387 -15.9383993658477 -15.9607131882106 -90.9376097898504 -72.75 -72.890625 -48 -16.5 -16.5 -15.0450019164574 -16.5 -22.5 0 -0.0133902730180402 -7.98002500010003 -6.00032378350889 -9.4425 -9.37564115112305 -12.0001044898826 -12.0002763039467 -14.1485949560527 -8.06059551447798 -10.6125 -326.355000500707 -261 -267 -267 -267
0 -1.00003569494776 -1.00000083170415 -1.06000025759539 -27.75 -6.92062488559723 -6.5625 -6.97354588987588 -8.25 -8.25 -8.25 -10.3987511835965 -12.1875002031959 -12.1875709971116 -12.1894573143901 -15.937502554254 -15.9383999833366 -15.9375475977087 -72.75 -72.75 -72.890625 -48 -21.6568182621806 -16.5 -15.0450107021857 -16.5 -22.5 -0.0619554996263127 0 -6.5250131876305 -6.0003729468844 -10.0513161108197 -9.86518295067557 -11.8127843154003 -11.8470433888434 -13.9321269458915 -8.02281415765911 -13.125 -261 -261 -267.099227113688 -267 -267
0 -6.56257504486715 -6.57000079500012 -6.57141108698977 -27.75 -1.00052987885072 -2.95766540363508 -1.33750184757009 -4.6875 -4.6875 -4.6875 -4.69500188215599 -6.56250013059321 -6.56257509321304 -6.56445085568053 -12.1875089629497 -12.1875090469679 -9.75 -24.6122641470825 -18.75 -18.8175 -84 -56.2512415193381 -45 -16.5 -16.5 -24.4804545012508 -5.97734998073132 -5.98152938647797 0 -0.0396591032577455 -4.50153132538676 -4.01000000008122 -5.99423977665973 -5.99515425328271 -39 -10.5 -10.5 -261 -342.667629903861 -330.000000537194 -330.000228320056 -292.29375
0 -5.25 -5.25 -6.5718518259481 -27.75 -1.25312592096381 -1.00007838693295 -1.0411799142065 -4.6875 -4.98057860347437 -4.6875 -5.08294713924905 -6.5625 -6.56257509313443 -6.97921877847656 -9.75 -9.75 -9.834375 -23.4375308783882 -18.75 -18.92578125 -105 -45 -59.0632686575328 -20.6700125084816 -16.5 -19.5 -5.625 -5.62552254492187 -0.0170807690482986 0 -4.00114732886712 -4.43902522374839 -5.98373151347928 -5.65875 -48.8484408750546 -10.5 -13.321875 -261 -261 -330.000030219808 -264 -330.001069708168
-62.25 -10.31257500795 -10.3200045000751 -10.3217504882812 -30.75 -4.6875 -4.68750075030364 -4.98142049524615 -3.00250003000006 -1.1199999955918 -1.00000011001824 -1.12000352676518 -12.7975814724139 -12.1875619005315 -12.1875244155577 -16.734386249946 -16.7362766770342 -16.7343980114357 -18.75 -23.4381502490153 -18.9348234375 -84.135 -51 -63.7512489629534 -25.6500156382697 -25.6574214325993 -28.2304545012502 -10.0002441725209 -10.0007099038134 -4.01069438099808 -3.9994834104559 0 -0.119995944954389 -12.0001000014435 -12.6228856951631 -59.2125076718908 -17.7666040195313 -17.431875 -292.20375 -330.105000423446 -340.817023575128 -350.437560447217 -295.215
0 -10.312575045001 -8.25 -10.8839082971344 -30.75 -4.6875 -4.6875 -4.68937868321311 -1.01503751369589 -1.00000000977627 -1.00773702763135 -1.0010451624653 -12.7968840000111 -12.796903207735 -12.9492640399219 -16.9336052286564 -16.9336612041516 -16.7403695652367 -18.75 -18.75 -18.92578125 -84 -51 -51 -24.4200125075754 -19.5 -22.5 -9.86357317262695 -9.86572704677343 -4.07613282000019 -4.00012067782369 -1.98263626156553 0 -12.0001000014849 -12.6496440680797 -60.5205917375079 -16.9244279824219 -13.5 -330.001795823781 -264.07875 -267.098445528809 -267 -372.194999964195
0 -9.75 -9.757504500075 -9.75749267578125 -40.486875 -6.56251330123378 -6.56250345272686 -6.56842499998743 -6.8906251128085 -6.89063865838336 -6.89080058146397 -7.02609403904543 -1.20712719795976 -1.00003229536689 -1.09891295291489 -13.5880125172536 -13.0033070693807 -14.6526228619959 -24.9998696033482 -25.0028020289302 -24.9987643924598 -127.801264289769 -86.2504546467309 -69.0000837021094 -26.2955012519133 -26.3563318359375 -24.1406072178451 -11.2505399802668 -11.2504365787099 -5.62507500030001 -5.62514005188073 -6.20676419567669 -6.0076039828095 0 -0.0100001200726064 -83.356875 -20.7075 -19.7392368164063 -265.5 -265.5 -344.64465758757 -262.5 -262.5
-80.25 -9.75 -9.75000121932553 -9.7573828125 -32.25 -6.56293377086743 -5.25 -5.25755513022034 -6.56250001074357 -5.25 -5.25 -5.25 -1.00001690497133 -2.96875257541608 -2.96875300564503 -13.622275788022 -13.0002774224594 -13.0435812698816 -23.4375328273539 -23.4375398146221 -23.4375751090018 -118.75875 -69 -69 -26.2921875 -21 -22.5 -11.8915865455078 -11.25 -5.625 -5.62516875 -5.6475 -5.93246182126205 -0.244874367951947 0 -84.7729005357094 -20.7525 -19.7498770978986 -265.5 -331.980000483608 -262.5 -262.502128741699 -262.5
-31.093834388697 -5.25 -5.25 -5.25750637721434 -41.1679810547488 -38.4375187788391 -38.4375007507627 -30.7575037551492 -45.93750009 -36.7500694764817 -36.7500051808629 -36.7781951211366 -68.4377959519607 -68.4375045905889 -54.8175 -72.75 -72.75 -72.839912109375 -108.75 -108.75 -108.975 -65.0939980080344 -16.000792641532 -16.4064204940759 -16.5 -26.354296875 -75 -14.0006126431535 -14.0002439677015 -36 -36.0001313171343 -52.5001265643536 -42.0000567718264 -75.6975 -75.6975 0 -6.64148740584347 -12.74980078125 -352.134597781914 -352.118484887471 -419.369675400983 -425.585222941787 -428.955265244912
-27.75 -3.00252500370011 -1.48937705187469 -1.00007767712007 -27.75 -6.89068600072326 -6.56258557460529 -6.59250000007637 -8.25 -8.25 -8.25 -10.3218776283741 -9.75 -9.75 -12.1875090001536 -12.75 -12.75 -15.9602771469444 -72.75 -72.75 -91.0131980958937 -67.7187023489998 -16.5 -20.625 -15.0421875 -16.5 -22.5 -7.96934546975159 -7.55625 -10.5 -10.5 -13.5 -13.5 -15 -15 -6.15977526270397 0 -6.1015458948714 -261 -326.355511100636 -267 -334.133510215516 -333.751066998027
-30.75 -7.00006134391236 -8.95749359461569 -7.00000533277674 -23.25 -6.99999701637234 -7.00006063377081 -7.00019018163462 -8.25 -8.25 -8.25 -8.25 -12.1875007512852 -12.1875090029258 -12.1875756879122 -16.734375 -12.75 -15.9599945068359 -96.6220129675005 -90.9386136098212 -72.75 -67.4470538243978 -24.735 -19.500253125 -16.5448875 -12 -30.09375 -13.1258577294508 -10.5003375 -13.125303544653 -13.1253000075 -17.7196172724622 -13.590028125 -20.71875 -19.6875 -10.149859118822 -8.0050012371106 0 -336.656995439323 -336.683759659538 -354.609502648823 -333.750532185425 -333.75
-5048.10210704313 -4700.63250451678 -3760.507500795 -3760.50750153866 -3778.5 -4700.62500300002 -4700.625003 -3760.50750352674 -4704.37500002972 -4704.37507509 -4704.38250435827 -4704.38251954377 -4706.34114961314 -4706.2500089297 -4706.26687518451 -4710.00000398555 -4710.00489769081 -4710.0231049691 -5025.50235387721 -4785.00301054541 -4785.15751334106 -5063.46283349095 -4947.47031447852 -4947.46951769654 -4943.58751556737 -4937.68181264847 -4951.54312836157 -4700.6925 -4700.62545528628 -4700.65500075 -3760.5000749873 -4704.40117387466 -4704.37592215362 -4706.37651772655 -4706.25724266 -4998.55714876163 -3760.5 -3756 0 -48.3088681951195 -23.8101120859821 -14.0015517461491 -65.2586126295685
-5048.10210700003 -3760.5 -3760.505625 -3760.50750174258 -3778.618125 -4700.62500315608 -4700.62500299996 -4700.62699006017 -3763.5 -4704.3825007509 -4704.37588749474 -3763.50750167277 -4706.25085162329 -4706.25090225504 -4706.3419228065 -3768 -4710.00090194017 -3768.08999450684 -4785.00003014021 -4785.00027061804 -5026.96427323945 -5059.77048456273 -4947.59414177505 -4712.26494293622 -4943.58751563457 -4937.69130434975 -4715.73045450109 -3760.53375 -3760.5 -4700.765625 -3760.57959375 -3763.5 -4704.48609607757 -3765.00075785407 -3765 -4939.74727184527 -3760.53375 -3756 -47.4430254257158 0 -14.0387349662346 -14.0000640650256 -16.5933674289311
-5126.10211081455 -3766.5 -3766.50000315787 -3766.50750299313 -3789 -3763.5 -3763.5 -3763.5 -3766.5675 -3766.5 -3766.50042631103 -3766.50005307688 -3762 -3762 -3762.00800646294 -3760.5 -3760.5 -3760.58999862671 -3774.00252239131 -3774 -3774.78784171092 -5080.03107581035 -3828.00080519876 -3828.04253255842 -3772.5421875 -3772.5 -3762 -3766.50008460962 -3766.5 -3763.50007500035 -3763.5 -3766.5 -3766.5225 -3762.00079517149 -3762.1125 -3822.03375 -3766.5 -4708.20095332031 -17.766741375937 -14.3173282597227 0 -28.2044576891294 -28.4095294246728
-5124.74853515625 -3766.5 -3766.50018283961 -3766.50750024787 -3789 -3763.5 -3763.5 -3763.5 -3766.5 -3766.5 -3766.5 -3766.52255537109 -3762.0000001275 -3762 -3762.00762725982 -3760.50080243071 -3760.5 -4700.73805046253 -3774 -3774.0003746269 -3774.17578125 -3870.16875 -3828 -3828.00033480844 -3772.53375 -3772.544296875 -3762.135 -3766.5003375 -3766.5 -3763.5 -3763.52953219922 -3766.5 -3766.5 -3762 -3762 -3822 -3766.5 -3766.54507500007 -14.4675625021991 -14.5393156777357 -0.160266180723874 0 -0.50470153062401
-5126.10210931899 -3766.5 -3766.50000517399 -3766.55011811386 -3789.14625 -3763.5 -3763.5 -3763.50750183945 -3766.5 -3766.5 -3766.5 -3766.50750197645 -3762 -3762.00023241455 -3762.00814419748 -4700.62500900133 -3760.5000062538 -4700.62500901409 -3774 -3774.00008970239 -3774.78783223294 -3870.135 -3828 -3828.00118496233 -4715.6897000085 -4715.67049921875 -4702.640878125 -4708.12560838434 -3766.53375 -3763.5 -3763.53000655318 -3766.61626875 -3766.55625 -4703.105475 -3762 -3822 -3766.5461930024 -3768.9046875 -44.8633154550793 -64.4715904454748 -13.249433111375 -0.00895210118224399 0
