-4499999.55 -716.85 -256.05 -1434.92229469355 -926.925689808144 -454.05 -426.15 -252.02475 -236.489822159335 -810 -281.25 -315 -339.3 -355.5 -369.654941475 -275.5125 -623.25 -385.2 -822.720593492775 -369.45 -488.25 -268.5375 -328.5 -813.6 -411.75 -934.2 -781.542368964408 -450.9 -583.65 -461.7 -266.4 -651.6 -312.3 -334.35 -1014.3 -396 -511.65 -275.827275 -783.070316352471 -375.453580919979 -353.7 -1113.66251376205 -568.8 -527.51193860242 -1059.3 -266.85 -382.05 -849.294789281838
-1621.36489859354 0 -1084.12787843914 -630.3536728875 -543.042257511556 -1608.72482874929 -1484.84814831341 -1798.92364898222 -753.3 -762.692533802608 -1125.06121189725 -729 -987.779499048762 -1001.04087865479 -733.05 -1119.86521168863 -2419.23646824756 -1422.74161837985 -1639.48840714277 -1373.99353549586 -1339.75282596872 -1104.17990412494 -1062.10923026652 -754.203872061808 -1075.50670338691 -627.036700630106 -1609.47463615736 -1515.28733243854 -481.763915393612 -1585.35777488709 -1342.57868375461 -1188.3512784355 -826.65 -985.624732591134 -1062.92270602787 -1487.88118494967 -1613.30313564063 -1315.58988576225 -1020.49418200662 -680.85 -1056.51467887778 -557.560715597915 -1596.34913897862 -1483.08683510774 -1145.58151419302 -1231.78212954069 -1378.88979517183 -501.940182841886
0 -906.11145 0 -756.9 -564.874875 -589.05 -526.5 -570.04949851812 -227.7 -650.25 -440.95917375 -340.38 -469.066373224093 -406.373420371948 -274.5 -434.191751975123 -679.5 -482.4 -638.55 -616.386468099813 -732.368913951851 -253.331922334483 -403.28177539687 -943.924020171675 -442.237415568334 -1102.72149787123 -646.2 -537.3 -751.186247377878 -537.3 -570.444547817507 -474.3 -327.6 -461.724874046191 -1525.91105572945 -450 -574.2 -585.264428807335 -627.523676993788 -325.229497320164 -458.26052700313 -532.35 -917.684399457653 -690.872391826246 -844.2 -495.338213395586 -433.584672439909 -676.31499065472
-1749.96288431587 -736.381448038694 -801.45 0 -696.051439532286 -1203.3 -1167.75 -2249.71795857245 -1006.2 -504.840916059885 -830.7 -927.45 -1128.19298324619 -711 -948.6 -847.8 -1205.1 -1165.5 -1185.75 -1443.6214678381 -1322.86695277556 -831.15 -737.1 -650.125727572444 -927.118297537167 -191.937989655299 -1185.75 -1161.9 -793.65684337368 -1201.05 -1089.45 -836.120165247184 -982.35 -1051.899075 -623.079975857749 -1097.1 -1251.9 -1631.0538 -927.45063769228 -881.55 -1266.58049877364 -685.65489977648 -1171.35 -1123.65 -641.257225498624 -963.9 -1275.48023728944 -739.089972849188
0 -657.460364738302 -545.187859907298 -714.391913175029 0 -760.5 -789.3 -640.8 -575.55 -718.340002635599 -628.610733599156 -518.85 -530.435496540154 -427.816091321874 -540.45 -494.1 -863.1 -756.9 -836.1 -516.6 -613.267875 -681.506317876222 -531.821541229301 -530.1153 -446.73340402957 -685.483928496403 -791.55 -742.95 -422.010067319212 -1182.2034486888 -656.55 -684.324553915373 -581.4 -474.315542968141 -915.570856036888 -734.4 -841.5 -693 -481.723751374169 -508.95 -666.563175 -492.197653453023 -792 -733.05 -514.8 -587.7 -619.860979977723 -298.486134841691
0 -998.1 -601.2 -1209.15 -785.25 0 -325.993009518588 -712.315642042008 -433.8 -1013.85 -833.854139896208 -348.3 -760.610483245043 -616.05 -311.4 -607.05 -374.41007662651 -309.002244111786 -249.807496475452 -559.886544078302 -830.390397293387 -578.7 -510.75 -970.65 -1006.63331213902 -1112.85 -275.905934507865 -305.44609789833 -846.45 -261.233917738591 -475.89832125 -714.6 -318.6 -1039.1031 -1830.24 -374.258656709727 -256.327258526982 -492.332621336106 -678.6 -395.55 -1143.26416726175 -974.25 -297.914067009367 -391.292672758548 -1164.6 -467.784980805817 -708.412434495848 -780.75
0 -946.35 -488.25 -1126.8 -1181.5164002466 -253.15249631954 0 -816.316739651662 -341.55 -1561.33186630522 -375.3 -325.8 -436.5 -920.143267367445 -271.8 -552.15 -518.361940268351 -55.4998499723636 -344.230907137769 -384.9933409875 -524.25 -479.7 -438.3 -858.6 -865.040829754169 -1070.55 -356.753925 -126.25518080147 -754.65 -260.69320125 -270.0207 -1035.61684562736 -265.5 -965.545490816971 -1099.8 -143.224116958125 -273.3862939875 -276.3 -646.65 -369 -985.18815 -922.05 -329.605918092 -248.424844424831 -1167.75 -269.926441115317 -386.1 -726.75
-192.364898221593 -1695.00352930071 -487.98878868927 -1900.00821142178 -1164.99262230822 -1016.83239948614 -552.672452260101 0 -269.9325 -1407.58141923563 -665.72991154361 -310.95 -689.647140063931 -881.361514613563 -304.65 -447.143591634456 -1349.83409915957 -605.969810188711 -801.396225 -782.99143309588 -871.423801154943 -407.214251699765 -570.183391947922 -1640.48473560907 -831.561309571902 -1540.05396645504 -888.01071377746 -733.113797588388 -1205.42048452364 -882.109834343373 -423.57637125 -1122.11619663841 -377.55 -871.121452287587 -2165.98633449088 -678.781177535515 -766.538135849117 -324.929983153296 -1228.08211654522 -380.759258312429 -952.737847177813 -1713.00692455714 -1002.1369275243 -549.279891135861 -2024.25248733384 -429.66 -837.938262373782 -1295.54503162331
0 -752.85 -479.869247420299 -964.8 -615.544425 -454.05 -358.2 -346.6093291875 0 -873.45 -313.2 -398.546700458255 -404.55 -356.85 -377.798217412337 -360.049092383126 -763.60756891216 -432.291611819026 -451.35 -633.331723600584 -421.65 -366.489505575 -429.986534282557 -792 -712.288329573749 -946.35 -509.85 -523.166221074931 -595.35 -405 -389.309446423035 -620.55 -333.741881872574 -342.9 -1551.16201462699 -441.631221705223 -459 -289.79252360933 -530.1 -248.982215933516 -408.6 -724.05 -513 -329.9175 -992.25 -327.473909889887 -370.8 -556.65
-1320.99461522346 -599.528533725 -715.95 -580.918067308125 -545.915117738303 -1045.35 -992.25 -1784.76553299156 -906.3 0 -694.8 -742.05 -566.1 -526.5 -769.05 -772.2 -1069.65 -963.45 -1099.35 -733.05 -594 -758.7 -627.75 -382.63757357907 -708.80082983347 -386.042353255488 -1065.15 -985.95 -583.125525 -1027.35 -927.9 -558.53865 -853.65 -565.65 -448.913789938209 -962.1 -1029.15 -949.05 -560.902583784375 -814.5 -684 -420.114656160687 -1021.5 -953.55 -467.832772005531 -869.4 -669.5665137 -493.471721025
0 -592.2 -529.93551092952 -817.65 -622.8675 -487.8 -544.29933423093 -641.636451872192 -414.04042765397 -633.15 0 -320.382349298254 -213.123375 -466.198724402402 -328.655087945748 -657.596150768144 -508.05 -585.741611814821 -531 -423.835212149706 -453.439286177927 -559.918295926496 -191.371352866005 -978.101371903235 -418.324682456773 -1228.96938676121 -692.262384414751 -631.975363060053 -673.393445222063 -680.0625 -520.704478123585 -622.522575 -420.717413208581 -614.021800487211 -855.45 -579.043638439176 -503.1 -542.051914605782 -626.199094957443 -367.895797281094 -689.528567105785 -604.35 -467.55 -569.53128026457 -864.45 -471.939782225 -420.609777410182 -596.101356832382
0 -731.7 -405.61515 -1320.53650868704 -975.756246086991 -373.05 -323.55 -335.25 -306.341325 -711.9 -349.274084031912 0 -449.054905599245 -453.37046625 -217.355923268675 -354.15 -463.95 -378.08932098375 -403.2 -338.479578845295 -398.230431234356 -426.222703207756 -362.817284450718 -691.2 -411.66547472929 -1346.14902552218 -363.15 -356.4 -576.9 -355.5 -476.097525 -418.5 -215.933515976472 -590.134801539988 -896.85 -482.086181483273 -416.7 -392.47960488383 -421.2 -309.186997170175 -444.15 -993.692514401632 -539.483056573508 -382.432472520372 -1321.7625 -343.706950762793 -313.613060751314 -456.75
0 -900.282375 -476.933252489058 -721.35 -306.9 -541.35 -476.55 -430.2 -398.25 -608.85 -271.777043516681 -382.42755 0 -274.969427625 -284.4 -421.65 -619.65 -460.35 -592.2 -346.067050227526 -278.81128125 -382.05 -229.551833671082 -508.5 -256.324721927017 -663.3 -594.9 -497.7 -780.408573692532 -493.65 -429.75 -505.603140528967 -277.65 -373.1625 -735.3 -427.05 -564.3 -397.8 -436.127641225155 -315.9 -745.919266499551 -879.003522518017 -507.15 -493.2 -705.6 -379.8 -297.792148924234 -341.1
0 -745.702578312145 -497.31218095453 -1105.69896374601 -489.432892198144 -560.25 -497.7 -710.492694745761 -410.85 -520.65 -335.232938822009 -482.246700825049 -216.539470299764 0 -335.7 -603.048275917199 -636.3 -511.65 -639 -522.14625 -453.551666218168 -497.22661573425 -232.855467465363 -710.261584090362 -212.967690069216 -956.94416575346 -665.55 -514.8 -518.074203545719 -603.45 -501.75 -531.987943104827 -487.027607788568 -446.857700984333 -1081.6348789125 -818.28118155482 -653.4 -656.373839489177 -456.479225305631 -464.31851827701 -536.6439 -793.973767820666 -593.55 -510.75 -715.05 -553.230731174379 -464.410926692055 -472.963181202013
0 -1222.49860347892 -283.05 -949.95 -518.4 -567.488919131386 -443.161999450184 -266.4 -349.28289 -761.85 -273.527244572269 -222.159335161303 -308.7 -346.05 0 -376.65 -452.25 -274.05 -377.55 -331.490260954915 -554.905329847425 -464.547375 -307.4346 -679.5 -540.005829882824 -904.05 -428.4 -255.15 -866.9925 -354.6 -372.16665 -511.65 -229.308319448345 -415.0521 -960.3 -325.7656777125 -405.9 -349.7142695625 -455.4 -233.544527116875 -412.2 -737.1 -400.05 -303.811425 -905.4 -260.1675 -363.14867071759 -522
-430.337626477299 -1255.38559110654 -411.040850696214 -1632.97705883293 -984.717094145836 -953.067104864392 -815.627926593954 -538.362347644288 -221.441625 -1212.58185971449 -624.42991909852 -373.05 -593.94825 -602.80255096435 -374.4 0 -1458.96502201441 -711.291605381678 -632.25 -737.03340008184 -931.820640819587 -224.704020375197 -542.046659136923 -1107.83638406132 -596.502684188842 -1291.04631385573 -991.240713774778 -823.380075 -987.191483558014 -657 -642.974471102438 -1278.31862931959 -398.7 -602.573527858286 -1491.87644077341 -798.941219272816 -953.468134080556 -573.102198135972 -972.155482321581 -434.039497176522 -519.518320698177 -1356.16937660324 -678.15 -726.299076792903 -1708.75662290911 -592.174521061846 -690.212325187171 -1134.99428658188
-1297.36487768054 -2470.95541655624 -1297.56759461387 -2297.97313212393 -1379.6025235861 -286.25646375 -223.65 -1250.83015239307 -535.05 -1665.48965291393 -1080.9532947346 -641.4586576875 -1025.28271390695 -1356.10681623438 -479.25 -1394.53979879775 0 -460.415925 -162.890766225 -868.654787576284 -1293.24525030675 -1306.84831750005 -1225.72142879558 -1458.67887201966 -1288.41253836101 -1847.0389550625 -126.329543916998 -245.25 -1736.33807223226 -241.8291 -774.837200389813 -1425.88823917562 -337.95 -1602.51313161818 -2247.0081334538 -276.2943366375 -191.5900903125 -934.643660361112 -1460.11765819678 -543.15 -1526.47153198446 -1615.18363149625 -143.745510719556 -799.92819814251 -1895.20049900118 -575.224532548936 -983.826474947226 -1359.43423664616
0 -945.45 -743.279993858124 -1674.16498885737 -726.75 -203.4 -179.950384125 -375.3 -300.6 -1533.4318630462 -348.75 -263.7 -485.1 -528.75 -230.4 -719.875125 -449.8875 0 -230.85 -229.05 -511.2 -409.05 -454.05 -868.05 -833.653329871766 -1070.55 -292.576658956434 -167.578420772388 -804.15 -225.2925 -262.9575 -635.4 -210.15 -532.8 -1083.15 -119.815135309252 -262.38015 -273.6 -993.01742200102 -274.05 -612.9 -918.9 -228.15 -187.6275 -1132.2 -216.9225 -377.1 -758.25
0 -1067.4 -623.25 -1205.55 -1339.84469286948 -127.238203228982 -232.2 -817.90746042422 -450.45 -1705.01686377674 -495.9 -392.85 -893.832981746671 -638.1 -429.75 -976.097904999494 -225.185585385991 -235.8 0 -341.55 -515.7 -977.247576684711 -589.95 -976.5 -642.6 -1177.65 -80.7573612593327 -129.15 -917.55 -282.98676844837 -306 -703.8 -298.8 -698.85 -1911.07470495811 -183.15 -100.785730275309 -402.3 -706.05 -451.35 -804.15 -945.45 -230.732421671233 -456.8625 -1835.2226854247 -363.6 -420.3 -841.95
0 -800.55 -684.404286853371 -925.2 -977.424372676426 -692.604898964042 -563.299724016913 -920.907671146823 -366.75 -748.8 -407.863693156928 -316.04226755625 -454.204634104856 -618.623322016642 -309.940971761728 -771.019796508168 -685.848058768125 -526.853847547566 -604.398407137744 0 -504.874649872444 -588.038725599115 -455.793664882812 -957.594844826708 -546.279459132197 -852.75 -579.312406977564 -549.964332681632 -1038.83235774897 -620.97360871429 -506.54368125 -655.27431525 -211.559448916865 -875.271678136875 -908.55 -518.31248997314 -613.918410453072 -553.206766978489 -568.822282437312 -225 -831.483436367513 -682.063428406605 -667.262014621404 -524.319949318232 -876.6 -367.016417468166 -264.773307706694 -731.416849430962
-915.184714007993 -1415.04877541951 -829.690102126141 -720 -706.993993541314 -992.94599449297 -783.16314841513 -1257.70297506875 -436.5 -1009.6414989856 -425.477985354945 -431.79615 -306.295518412846 -614.223363734974 -322.2 -834.685641486321 -1082.10224382519 -772.671605721145 -841.548407137859 -453.773069017577 0 -822.537605961775 -322.79085 -773.026831589809 -455.177574585275 -1033.66903204791 -785.478213777884 -787.794832018375 -1063.21217155203 -879.629320218206 -793.335167296875 -565.020289735617 -527.60475 -706.027462784904 -1290.82848740111 -721.330159757835 -836.288134071541 -825.072046749238 -547.604194649165 -359.1 -1120.79191831298 -1059.60617098962 -897.551678133923 -724.205433058311 -1051.93601227191 -395.4879 -348.423080918902 -660.965002438217
0 -639.45 -321.273888549014 -1744.41896069722 -964.584265931833 -573.75 -463.2183 -420.076888643673 -373.106925 -1161.66437376538 -430.475830590605 -461.517552225 -335.25 -333.9 -477.392217038861 -333.191506061776 -671.20515 -406.8 -653.4 -396.9 -414.45 0 -389.9025 -1134.34157916338 -501.641198465936 -856.35 -576 -734.4675 -817.403838738078 -576.9 -496.116539791566 -513 -364.05 -389.6165408625 -955.8 -442.8 -575.1 -491.068909352281 -714.022184408394 -343.956588959715 -534.667079763476 -989.529203868267 -600.75 -428.645948665444 -949.95 -485.457369126938 -358.2585 -535.05
-245.7 -535.05 -289.217169005935 -737.1 -323.1 -560.7 -465.3 -546.57995063819 -306.9 -918.236880775716 -255.193752700329 -352.7145 -227.56324782757 -265.786510457978 -266.85 -478.78762026846 -985.344579742205 -388.58895 -590.4 -256.5 -365.2037868375 -430.397325 0 -1021.57463854001 -345.945602376115 -701.55 -560.7 -677.724661704375 -601.8231549375 -510.3 -390.6 -325.8 -297.9 -305.258175 -813.15 -443.7 -523.2564 -493.856339489113 -433.621690362427 -328.019497184321 -299.25 -531.45 -490.5 -418.5 -1217.91130647348 -263.7 -288.162136513125 -346.5
-1414.63724705499 -674.95624730813 -636.3 -824.152212969336 -566.905162992719 -892.42245 -865.35 -895.5 -787.05 -355.86042325966 -565.2 -666 -708.995483268945 -497.7 -675.9 -740.7 -989.55 -879.3 -947.25 -638.55 -478.35 -693.9 -552.15 0 -611.358610032248 -781.710433880201 -968.85 -895.95 -795.98605773375 -868.05 -851.4 -477.54675 -729 -501.75 -607.079365025888 -848.7 -937.655775 -836.316225 -535.442443558337 -684 -699.3 -463.870020037469 -923.4 -918.899789213922 -590.014033199158 -825.3 -598.5 -492.121499932756
-428.4 -719.895272291785 -449.406286010382 -1202.58762638589 -441.36942512905 -634.95 -562.5 -878.980417061196 -374.85 -499.5 -439.39773 -261.45 -186.29555387079 -232.468667130633 -310.95 -644.801828885801 -705.6 -556.65 -638.55 -534.778474936233 -404.07125702384 -610.362275346444 -410.126578991198 -856.20763639928 0 -589.5 -607.5 -577.35 -601.077306988063 -555.75 -521.1 -450.692419363848 -405.45 -473.969597679993 -1322.02250349819 -477 -617.85 -524.7 -450.704575835072 -450.8109 -595.839081175727 -675.632515579026 -599.4 -548.1 -614.25 -425.25 -463.055872801224 -475.172788680887
-1872.40561875 -696.213845586726 -770.85 -304.234206415277 -568.411575538198 -1184.85 -1086.3 -2207.15496480848 -972.9 -483.431042400151 -722.7 -840.15 -638.55 -607.5 -855 -777.6 -1228.5 -1104.75 -1146.6 -884.25 -1078.45301136632 -779.4 -744.3 -526.6125 -584.55 0 -2146.93162875 -1788.9975 -581.722425 -1089.9 -1060.65 -845.205770939035 -925.65 -876.4956057551 -466.932376814107 -1061.55 -1201.05 -973.35 -748.196387221604 -835.2 -709.65 -487.62905165725 -1143 -1066.95 -680.834107123996 -1004.4 -739.35 -665.15729692782
-977.842125 -1651.056527012 -923.234988156829 -1241.55 -860.4 -206.533597510745 -238.5 -870.764008259197 -454.95 -1050.75 -506.25 -408.15 -524.7 -654.3 -387 -1080.03877615394 -257.195229262666 -208.35 -76.1085679074726 -602.862832578758 -836.0162662725 -612.9 -552.15 -948.6 -585.9 -1782.798525 0 -266.480209316053 -1407.555 -207.692710828066 -297.45 -1118.61006574066 -351 -696.15 -1172.7 -293.761181483127 -193.436857768495 -396.633825 -1098.33933014681 -450 -1243.654875 -935.55 -181.648270104031 -278.55 -1191.6 -338.85 -433.35 -780.75
0 -971.1 -497.7 -1158.3 -782.55 -249.848046092995 -255.140262420816 -659.574949960964 -374.85 -1005.3 -558.163125443939 -473.179648547936 -504 -560.25 -390.902221441393 -522.45 -501.503947354001 -164.19777044355 -235.79551125 -523.68573558626 -526.05 -523.35 -677.59903459976 -903.443547375 -538.2 -1068.75 -280.6779583125 0 -832.05 -253.226613757332 -425.708904129912 -622.35 -328.3029 -639.45 -1804.4325 -272.372935518752 -225.518077062226 -410.231359830858 -621 -396 -661.95 -928.8 -357.319919893819 -401.611845712895 -1091.25 -387.225713442288 -627.508004307926 -720.45
-578.864204199863 -514.873427358324 -611.0971875 -683.660480454844 -377.984875778669 -843.3 -781.2 -1193.98612813469 -559.35 -761.653211924138 -734.631378541609 -526.5 -584.142983483146 -550.795797752968 -600.3 -865.481554225037 -899.1 -778.95 -900.9 -642.15 -728.333728253896 -782.644355371065 -599.72175 -676.806975 -563.16201556144 -820.819672875 -884.7 -810 0 -1245.0375 -733.5 -782.879109290157 -595.35 -563.189044852752 -868.311373650123 -751.5 -900 -1023.195375 -553.20885 -534.6 -682.811443965711 -486.29002425706 -904.05 -766.8 -1029.33382918946 -621.688793435322 -740.490092851458 -395.8048081204
0 -1059.3 -587.25 -1137.6 -780.3 -141.726943731827 -292.670775 -900.956298666221 -420.3 -985.05 -463.5 -338.4 -730.617983246119 -548.1 -322.65 -612 -423.540857397758 -291.396611814973 -182.486220746614 -465.667108834283 -783.973329834993 -515.25 -757.811534487369 -1386.83638228354 -551.25 -1140.3 -233.160574983848 -246.559370959504 -880.2 0 -418.5039178125 -650.25 -261.45 -693 -1125.45 -243.710365401062 -148.352455415973 -403.2 -670.95 -425.7 -1172.77054397786 -1755.14339845618 -265.926032258908 -404.033348959748 -1702.68517290881 -303.3 -674.235016274965 -787.05
0 -1342.60488946125 -792.054997258781 -1666.49247092333 -1073.40088069623 -415.335520562605 -358.491447292581 -486.915566515394 -297.557919971725 -923.85 -382.05 -411.923025 -438.36435 -794.025023386324 -271.0755 -592.50375 -809.337211302052 -319.758515366657 -427.930854631248 -485.011150507638 -484.90065 -350.7642 -356.6589251625 -1356.84387190171 -744.448275 -1652.35275224769 -575.731575991874 -357.236063227767 -1090.49845134239 -427.501870203559 0 -660.15 -370.545084318894 -785.754603290638 -1151.1 -351.934584193229 -482.053730942636 -290.324460728998 -649.1871 -318.53295 -613.35 -895.05 -495.298869848451 -285.322127516862 -1120.05 -312.466473059617 -360 -1050.17326871751
-1157.88739804496 -1292.85015268546 -928.775413456366 -1109.04168415097 -546.60095411766 -1024.90980795976 -654.75 -1554.3386258539 -576.45 -738.239295296019 -698.16239488973 -663.596700821339 -615.147511399448 -767.937686964868 -795.452217025351 -1040.67790549901 -1079.342775 -1002.750154875 -693.45 -594.9675 -573.063060984079 -926.309447001067 -688.819497322738 -537.558604229337 -640.918547699408 -1171.7675914585 -731.25 -670.5 -867.942531994786 -1024.56777122492 -693.9 0 -708.832582133949 -870.119841128024 -1086.34824547174 -651.6 -699.3 -982.106339489112 -270.993230703502 -797.436997170108 -1062.34324960558 -766.669992105981 -1001.68386605347 -659.25 -1070.26779423962 -575.1 -585.463852921804 -576.623398873245
0 -750.6 -323.55 -971.55 -532.35 -284.85 -348.98491965222 -324.9 -236.25 -853.2 -280.0187096625 -240.745376092345 -286.2 -333.9 -269.88388284192 -567.382980140452 -418.95 -269.045705147827 -311.4 -238.740965208456 -327.15 -597.807729290383 -305.1 -1145.9925 -591.620828969124 -894.6 -348.3 -347.013675 -595.8 -308.25 -344.342712250351 -491.85 0 -462.6 -963.45 -327.929670239955 -457.545729041717 -372.491341094689 -472.05 -298.724497170563 -552.6 -743.671171515656 -605.412347800209 -296.307 -1441.12153411082 -193.351589094011 -322.245 -562.95
-639.911123244112 -942.146768150497 -385.533319374929 -965.504184435875 -587.972960954904 -1185.57181485166 -887.848290337345 -916.601944841629 -370.8 -894.506225895958 -403.006863999014 -505.227197961181 -422.322983226355 -354.146847336864 -369 -636.171395458769 -1167.12673563486 -614.7 -1145.66615844239 -606.336055332983 -734.1509761875 -591.482065421374 -378.876627588769 -819.765911857183 -396.240342366094 -919.276747452417 -676.8 -634.6287 -605.433091712963 -700.2 -492.597225 -752.660899921687 -421.65 0 -1062.20574898639 -828.743681568635 -659.7 -672.39 -696.198726724947 -431.266725 -406.292776519566 -836.394698141066 -671.8293 -516.15 -1159.02842334205 -441 -586.789277503584 -557.688956428923
-2300.90468837463 -1086.08846134805 -844.2 -519.176621545081 -791.4389010273 -1164.15 -1184.85 -2335.64444531584 -1034.1 -519.089990879933 -826.2 -921.15 -717.75 -702.45 -943.191 -1494.86013495 -1881.08649973125 -1129.05 -1189.8 -873.9 -1079.3061 -885.15 -773.22404512402 -587.5815465 -623.25 -542.348110694586 -1175.4 -1148.4 -794.829806325 -1721.37026536381 -1113.3 -878.85 -972.9 -1057.05239994853 0 -1110.6 -1214.55 -1074.15 -540.45 -903.15 -1318.848474375 -661.471368172236 -1145.25 -1137.15 -293.922247945491 -1061.1 -808.2 -667.607896682472
0 -979.65 -434.7 -1116.45 -1137.5707026979 -287.62354125 -180.264762344708 -650.507452495088 -339.3 -1720.77001145481 -378.45 -309.15 -430.65 -502.2 -279.45 -556.2 -449.233056130192 -183.7284642225 -261.27325731375 -423.661024622407 -443.25 -474.75 -647.606534445342 -1506.34162644975 -496.8 -1093.05 -272.025 -232.924930989174 -761.85 -247.8281079375 -224.55 -611.55 -201.6 -612.45 -1066.5 0 -247.948875 -219.6 -627.3 -360 -642.6 -853.2 -371.841377629156 -219.015398229837 -1731.90197867377 -295.737184550981 -371.25 -691.2
0 -1678.21875 -558.45 -1220.4 -1268.70449490442 -178.604011490394 -283.871084580969 -838.135084743828 -456.3 -1044 -515.7 -393.3 -554.4 -626.4 -355.95 -976.113141880134 -353.945533862085 -292.791778464763 -151.807596660055 -516.643991437515 -502.2 -895.640173791199 -541.8 -994.05 -646.2 -1793.94429206925 -241.514166211502 -241.798330210573 -881.55 -216.925242373714 -413.506448911196 -749.7 -326.7 -670.5 -1229.4 -261.338530283579 0 -598.61835 -724.5 -478.35 -749.25 -1484.7075 -205.720949607432 -419.401125 -1198.8 -340.1472731625 -474.3 -833.4
0 -852.75 -457.984959501719 -1580.69872638517 -1069.21569627477 -516.567152362127 -410.621329746228 -332.813365491664 -290.530163645255 -903.15 -468.858463130255 -276.75 -432.9 -422.55 -272.2706062875 -592.351153211189 -473.4 -383.775975 -382.5 -476.7729691005 -527.85 -414.271621636875 -591.792657968505 -845.1 -795.290974975573 -1037.25 -708.305142272578 -444.611461424112 -688.618575 -379.35 -315.853848563263 -971.435729048971 -327.9375 -485.1 -1054.35 -368.9775 -399.15 0 -578.7 -329.808421173656 -779.033925 -865.35 -682.8525 -324.209648735899 -1098.677025 -397.430020497802 -420.1565432625 -709.2
-859.32 -1157.11513807066 -424.35 -853.207386922401 -374.1255 -668.25 -617.4 -1310.01414005132 -518.85 -614.797063038106 -473.976204411598 -387.9 -372.452133851729 -427.685175 -427.05 -520.65 -724.5 -623.25 -689.64796125 -579.418968008085 -388.805531368974 -738.757663920092 -538.473918374166 -700.265274769495 -404.607304966869 -826.511532104156 -711 -676.8 -527.064049639643 -607.5 -612.80865 -260.929744405108 -450.45 -537.416331832883 -1014.06609213041 -590.4 -743.85 -639 0 -463.5 -1066.82754459588 -594.508287297727 -652.95 -598.05 -871.263761194672 -490.5 -456.77565 -366.72233282232
0 -730.35 -332.601359862587 -861.75 -472.5 -404.1 -306.9 -401.011795078767 -217.3305920625 -798.75 -285.961808537176 -307.336462312219 -286.2 -314.1 -198.221593351631 -287.1 -491.4 -307.35 -506.25 -405.672075 -312.75 -305.3947195125 -340.706534115448 -739.8 -300.15 -1267.33152649822 -454.95 -378.9 -557.1 -459.9 -379.81575 -530.55 -318.930082134276 -346.95 -1437.09495502058 -358.284914707275 -409.5 -315.159975 -476.1 0 -680.0829525 -986.020014031294 -500.4 -510.0188625 -1442.51917850819 -381.2518478376 -402.925162129875 -467.18863605
-799.242508501119 -1055.64587513972 -478.627105261718 -1242.60284738134 -781.77760086898 -1207.65467000257 -1104.01314831341 -945.194892878246 -429.3 -1091.21587857156 -668.369294578264 -644.053088937497 -668.793304496108 -580.744033083845 -480.6 -573.388965441296 -1296.24692872354 -1017.49446582901 -1216.10590713828 -845.16647230135 -1002.87520352878 -598.560505629574 -591.10903371795 -1254.58696354502 -585.343329357905 -1297.5760563769 -1280.25535936262 -1020.75983134072 -712.783561735674 -1232.42281388128 -834.81901592876 -1047.19136994571 -742.31560091678 -501.599838236225 -1441.7252695791 -1013.58118220321 -1258.2756340715 -997.870771857228 -907.591202734375 -695.98286382555 0 -968.54420074972 -1296.02887770893 -966.937248847134 -1522.2636847553 -769.1848138125 -901.940847153765 -758.816338135781
-1282.41943829925 -615.488520719754 -838.837496658829 -631.696461798341 -451.991210897405 -987.75 -926.1 -1764.68078293427 -795.15 -490.32960068896 -880.408238148235 -683.55 -794.787981768495 -752.679491343273 -696.15 -1019.98857511851 -1003.95 -866.1703725 -970.2 -661.5 -695.1609 -969.574917404042 -820.586531652578 -410.560764038632 -797.637922264241 -571.241875182138 -1001.25 -940.5 -506.133987698781 -955.35 -900.9 -768.680861555755 -716.4 -826.44790162222 -691.246015159244 -840.6 -961.65 -854.55 -627.469705651991 -688.5 -787.69845 0 -927 -862.2 -760.156801879197 -750.15 -887.22 -512.428472286042
-1068.38865 -1075.05 -620.55 -2266.29577474802 -1182.90818731585 -303.951617326012 -183.6 -567 -459.9 -1044.45 -701.150721343738 -395.55 -753.635483245858 -622.8 -366.3 -714.6 -261.812303048078 -223.2 -181.261044877675 -573.01086760255 -768.628329832461 -588.6 -528.75 -893.25 -581.85 -1165.05 -197.265301488819 -224.1 -1596.95306830472 -171.417232611183 -320.242725 -642.6 -351.45 -1098.5778 -1111.95 -371.26856910099 -203.026070723663 -384.021225 -696.235725 -494.092041953294 -1172.906415 -1781.25575920269 0 -498.75885 -1713.14636712003 -319.006125 -763.5690406125 -1171.01935125
-431.7525 -1456.45472555835 -691.664993966234 -1106.55 -693.45 -366.713495045604 -255.053693082252 -755.844824993581 -228.15 -1539.01188383664 -686.772421591347 -289.8 -762.702983265035 -529.2 -293.949717008494 -662.234093011437 -585.043445916918 -232.199041986117 -422.350907232789 -599.742907472881 -732.049781950176 -665.166443052039 -694.329637999798 -1389.62637185264 -811.333329809314 -1074.15 -418.840458314344 -348.190094373955 -795.8842027875 -345.132178185319 -200.13720173304 -667.35 -293.820082136161 -819.753839176877 -1084.5 -239.126599518394 -429.645634098533 -447.701392640724 -648.45 -376.796925 -584.47485 -1328.4925138917 -539.742331639565 0 -1704.87448875 -406.055575602816 -688.25412225 -688.95
-2283.36447212508 -1144.15093591493 -1318.71740599338 -696.209585880273 -1029.99401593215 -1743.52731766783 -1705.95564831341 -2448.64351168569 -1057.5 -588.885421873543 -1307.97572898402 -1416.89598821742 -1110.75548342009 -1158.11768884485 -986.4 -1436.36941309333 -2169.56980180794 -1125.45 -1766.4334125649 -1381.54396783298 -1418.90303249241 -1435.55935358757 -1229.3215479595 -580.558479118174 -1276.02628074103 -588.898638316312 -1149.18696417573 -1175.85 -1178.36306067076 -1150.282575 -1113.3 -1125.76582431961 -948.08475 -1363.30268573657 -329.765180577544 -1708.29118148379 -1221.08003136439 -1721.50558884636 -1152.8372652205 -968.841998301205 -1499.33059961882 -801.139357507025 -2125.516437 -1762.741575 0 -1531.71 -1245.95021939171 -1003.45617604717
-554.6081925 -863.55 -607.812330842367 -1048.95 -641.798325 -510.208967977929 -342.721128748671 -532.205433325118 -359.7072643125 -1284.424372706 -380.624407313756 -299.52099765 -512.300227809337 -375.277275 -258.124033351657 -419.85 -536.917697450742 -358.165308053488 -496.983406808645 -395.519455457102 -399.3156 -443.61 -485.088822167194 -803.51595 -434.37753 -1543.1759941182 -522.22848420906 -407.679772745622 -630 -471.733251296633 -342.746752688615 -555.3 -154.38056693506 -485.1 -1025.55 -344.004504672735 -464.843062417091 -335.158603377544 -810.280047391275 -338.2875 -764.434924471111 -1494.80994141091 -603.34002662625 -349.58105604 -1053.9 0 -616.476897379812 -576.45
-597.06 -1217.11382767671 -561.173419857895 -791.23694625 -629.093187190983 -718.863166719305 -378.9 -1085.7910369931 -373.95 -615.4426713375 -295.910201998246 -335.907675 -320.222811105863 -437.340652475543 -236.25 -685.759449218023 -849.016663783269 -403.2 -486.9 -255.156540328407 -277.068801211039 -561.308321617621 -393.387834860726 -952.461141163219 -340.276678706624 -724.991544 -477.9 -374.4 -958.319731422814 -654.498297458226 -411.3 -514.574691098514 -298.477312052698 -386.899425 -1295.88091364465 -354.414825 -490.365 -429.75 -391.768836750902 -451.82025 -732.816675 -945.094469023633 -726.16061071125 -364.05 -1608.54788176217 -649.3096054575 0 -743.99859078968
-1198.87656690902 -606.85011867257 -668.925931098821 -709.06686525324 -252.219149986933 -788.004225 -1086.9546147664 -962.654070105624 -627.91515 -652.093840223752 -431.304075 -458.53335 -492.055824081627 -530.182097381248 -536.255325 -526.497525 -828.471825 -745.68404131875 -860.71073625 -776.811467878975 -569.785412935908 -534.6 -610.402627102299 -578.21508179508 -417.952784699903 -822.40891908478 -791.8597416996 -757.514868823125 -514.136888218539 -784.878525 -718.48121299875 -458.295083964364 -540.9 -589.01759991644 -947.371923082418 -717.3 -860.85 -683.0275512375 -348.603822094632 -553.45885875 -812.0704933125 -539.740003128412 -773.136675 -1349.3513948042 -968.639516814305 -958.75596 -860.9880523158 0
